1.000435
0.999613
1.003390
0.998516
0.999581
0.997218
0.999843
1.003201
0.996851
0.999251
1.000715
1.001662
1.002854
1.002826
1.000448
0.999939
0.996636
1.000386
1.000962
1.004368
1.000889
1.003277
1.001644
1.001605
1.003160
0.999581
1.004673
1.000547
1.002042
1.004064
1.000112
0.998941
1.002831
0.998812
1.000874
0.998997
0.999627
1.001991
1.001583
1.002347
1.000370
0.995347
1.002618
1.007719
1.002295
1.002574
1.002408
0.998145
0.998617
1.000729
1.001598
0.995736
0.997933
1.002498
0.998568
1.002372
1.002678
0.998405
0.995990
0.996956
1.000833
1.004504
0.996598
0.998490
0.998813
1.002722
1.003078
0.995366
0.998156
0.995383
0.992649
0.987342
0.989408
0.988462
0.989254
0.988149
0.984748
0.975936
0.980171
0.980688
0.978697
0.973831
0.974945
0.975182
0.968776
0.970022
0.968475
0.969189
0.966600
0.965900
0.969845
0.966834
0.968447
0.967801
0.965718
0.965185
0.962997
0.965461
0.968395
0.964896
0.964348
0.963143
0.959943
0.961352
0.958105
0.961265
0.962767
0.961836
0.963251
0.961787
0.966392
0.964431
0.964828
0.965371
0.966710
0.968366
0.969897
0.967504
0.970273
0.971055
0.965687
0.974700
0.970904
0.976031
0.974808
0.973728
0.974199
0.978078
0.978850
0.986821
0.985406
0.981704
0.987539
0.987917
0.981585
0.990238
0.986982
0.991810
0.989811
0.997531
1.001299
1.004719
1.005712
1.000950
1.000228
0.999762
1.002895
0.998657
1.000574
0.998745
1.002270
0.998521
1.002212
1.002198
0.998111
1.003252
0.998822
1.001124
1.002304
1.001078
1.003646
0.999747
1.000554
1.001042
1.000241
0.999870
0.997408
0.999059
0.999750
1.001573
1.002718
0.997511
0.996165
1.000715
0.998248
1.002736
1.001453
1.004395
0.999763
1.003417
1.002012
0.996967
0.998181
0.997962
0.995681
1.002558
1.000506
1.001021
0.998668
1.001920
1.000001
1.000202
1.000153
1.002407
0.999973
1.000427
0.996814
1.002104
0.999870
0.995647
