0.998130
1.000360
1.001308
1.001373
0.999051
0.999332
0.999131
1.001678
1.000637
1.000361
1.002226
0.993650
0.999327
0.999723
0.998076
0.997716
1.005515
0.999176
1.000769
1.000154
1.002168
1.001337
1.004653
0.998382
0.998266
0.998793
1.003202
1.002348
1.002440
1.002354
0.999225
1.000676
1.004456
1.001931
0.998395
1.001611
0.997960
1.004630
1.001125
1.001812
1.002635
0.992454
1.001343
1.001813
1.000550
1.000677
1.000568
1.001625
0.996134
1.002224
0.997335
0.998414
1.003187
1.002980
0.998224
1.001428
1.000678
1.000243
1.001655
1.000285
1.002774
0.998349
1.002680
1.000801
0.999966
1.005722
1.003823
1.001360
0.996933
0.989309
0.989023
0.988772
0.990066
0.988270
0.985292
0.981475
0.982636
0.979704
0.981817
0.976577
0.977186
0.973409
0.970926
0.973314
0.972470
0.970845
0.967254
0.971247
0.967564
0.971056
0.970450
0.970584
0.965163
0.968326
0.964509
0.964897
0.962736
0.962399
0.964006
0.962825
0.962416
0.961058
0.959188
0.964331
0.969063
0.964796
0.966651
0.965762
0.965589
0.963688
0.964150
0.962733
0.967311
0.966342
0.968310
0.964338
0.972380
0.971995
0.967851
0.972464
0.967987
0.970610
0.974835
0.973672
0.974195
0.978686
0.975603
0.977226
0.982014
0.975448
0.981149
0.985429
0.983320
0.986334
0.981416
0.991708
0.989608
0.993371
0.992809
0.998629
1.000394
1.004417
1.002051
1.001370
1.000700
1.001750
1.001122
0.995345
1.000286
0.996950
0.998841
0.999740
1.000386
1.000808
1.000174
1.001108
1.003646
0.999335
0.999394
0.997529
1.001087
1.001720
0.999215
1.004728
0.997492
0.997707
1.003436
0.996277
0.999806
1.001303
1.000581
1.001626
0.998464
1.001548
1.002385
0.999262
0.999666
1.001081
0.998585
1.001004
0.997761
1.000183
1.001043
1.001964
1.000760
1.000293
0.998357
0.999978
0.999689
1.000425
0.999357
0.997401
1.002522
0.996960
0.999232
0.999504
0.998767
1.001198
1.000387
1.001337
