1.002508
1.001373
0.999906
1.001836
1.003374
1.001128
1.005179
1.001775
0.996721
1.005650
1.004399
0.998459
1.000116
0.998367
1.000292
1.000870
0.999427
1.003150
0.997949
1.001384
1.000035
0.999184
0.998279
1.000854
1.002457
0.999403
0.997062
1.000209
0.998676
1.001699
0.999983
0.996414
0.998134
1.002598
0.998837
1.006037
1.003074
0.998806
0.997499
1.000476
1.001349
1.004756
1.004087
1.001729
1.000218
1.000046
0.997415
1.003320
1.001917
0.998221
1.001253
1.003017
1.000394
0.996106
0.998147
1.002233
0.998956
1.001070
0.999043
0.997305
1.002730
1.005997
1.003928
1.001332
1.000457
1.006415
1.004952
0.994494
0.994280
0.993344
0.992975
0.987712
0.989552
0.990041
0.987255
0.983864
0.982773
0.982013
0.982429
0.976967
0.973259
0.977615
0.972056
0.976211
0.972252
0.970709
0.964599
0.969980
0.970515
0.969046
0.969303
0.967075
0.967383
0.964718
0.962580
0.966626
0.963940
0.958495
0.962318
0.964373
0.965028
0.963488
0.960311
0.963570
0.966211
0.967524
0.964597
0.962183
0.963650
0.963002
0.963412
0.965433
0.964747
0.967135
0.964932
0.968862
0.968625
0.965808
0.965244
0.973533
0.969889
0.971643
0.968825
0.973908
0.975045
0.973019
0.976750
0.980235
0.984448
0.981169
0.979430
0.986298
0.982933
0.986256
0.992844
0.986590
0.992007
0.992148
0.999642
0.997446
1.003648
1.002432
1.000364
0.999436
1.002070
1.002331
0.996407
1.000485
0.997324
1.002501
0.996202
0.998911
1.001715
1.002602
0.997231
1.001488
1.003031
1.001622
1.002602
1.001318
1.000853
0.999854
0.999010
1.005031
1.001466
0.999942
1.000904
0.996435
1.006913
0.998159
1.000338
0.999731
0.999484
0.995269
1.001815
1.000218
0.997433
1.000080
1.003570
0.999654
1.003890
1.003177
0.999395
1.003336
1.000308
1.001306
1.002513
1.000134
1.000277
0.999025
1.000460
1.003000
0.995284
1.002039
1.001245
1.001073
0.996238
0.999427
0.999132
0.998314
