1.001374
1.006414
1.000453
1.001314
1.005156
1.000636
0.999574
1.004507
1.001136
1.002506
1.001078
1.001111
1.004201
1.001506
1.000059
1.000501
1.003045
1.003476
0.997580
1.005538
0.999576
1.000130
1.002078
0.998364
1.000226
0.999683
0.997824
1.004167
1.001758
0.999688
0.998227
0.997818
1.001258
1.001526
0.999657
0.999850
0.996264
1.001839
1.005244
0.997090
1.005399
1.004378
0.999305
1.002505
1.001961
0.999648
1.000018
0.999829
1.001239
1.001022
0.999017
0.999570
0.999964
1.001691
0.997664
1.002558
0.999219
0.998500
0.999475
1.002654
0.997379
0.998031
1.000404
0.999270
0.998095
1.006422
1.002232
0.999761
0.992732
0.994524
0.989243
0.991337
0.987734
0.985615
0.985346
0.986208
0.976624
0.980373
0.978498
0.980475
0.977414
0.981004
0.974766
0.974344
0.974120
0.969248
0.970604
0.974350
0.969232
0.970130
0.966817
0.968302
0.968211
0.969356
0.969150
0.966089
0.963196
0.963411
0.962013
0.963585
0.963283
0.966186
0.966210
0.960863
0.963658
0.963221
0.963996
0.962880
0.962812
0.965769
0.968678
0.964710
0.966894
0.963016
0.966531
0.969533
0.961389
0.968064
0.967768
0.970935
0.972727
0.973350
0.970071
0.974629
0.974341
0.973390
0.985149
0.979681
0.981511
0.983267
0.981934
0.986720
0.986278
0.987675
0.989603
0.988640
0.991256
0.996785
0.997834
0.995874
1.003220
1.003416
0.996043
1.001265
0.998843
0.995104
1.003333
0.999008
1.003593
1.001812
1.002018
1.001964
0.999721
0.997278
1.002733
1.001690
1.001184
0.999555
1.000840
0.997847
0.996390
0.999302
0.998920
0.998352
1.001933
1.000111
0.998334
1.000279
1.000589
1.002625
1.001564
1.002083
1.001377
0.998213
1.002287
1.001737
0.999444
0.997556
1.000897
1.001955
1.003624
1.003961
0.999190
1.002103
0.998774
1.002185
1.002295
1.005032
1.003525
1.001375
1.004487
1.000675
1.000518
1.000663
1.001406
0.998008
1.002161
1.001475
1.004577
1.002186
