0.998739
1.000913
1.001056
0.999048
1.003800
1.003867
1.004669
1.002747
1.002566
0.999118
1.003527
0.999178
0.997243
1.001802
1.002184
1.000207
1.000160
0.999953
1.000718
1.006044
0.999408
0.999363
1.001109
0.998575
0.998800
1.000600
0.999515
0.998846
1.001797
0.998487
1.000173
1.003290
0.997469
1.002675
0.998850
1.002982
0.997341
0.999295
1.000849
1.000534
1.002251
1.001085
0.996171
0.997693
1.001393
0.999967
1.000315
1.000203
1.003557
1.000262
1.000027
0.998443
1.001011
0.999036
1.001403
0.999690
1.001795
0.994755
1.001533
1.001143
1.000288
0.999473
1.001241
1.001572
1.002596
1.005197
1.004440
0.996841
0.995963
0.995397
0.994698
0.983856
0.988128
0.982984
0.986290
0.986246
0.983285
0.982481
0.977420
0.983885
0.981108
0.973997
0.972869
0.969946
0.972340
0.971441
0.971193
0.967597
0.968895
0.967421
0.971669
0.968883
0.965518
0.967117
0.967373
0.963061
0.965533
0.961499
0.959187
0.963552
0.960404
0.966381
0.964657
0.962573
0.965396
0.961553
0.962905
0.959441
0.962814
0.966758
0.965977
0.965814
0.961319
0.968329
0.965798
0.971705
0.973315
0.972929
0.965658
0.972714
0.974970
0.967704
0.975271
0.972995
0.975151
0.978796
0.977650
0.975135
0.977528
0.981874
0.979513
0.984715
0.985039
0.990077
0.987534
0.988958
0.989434
0.991177
0.995294
0.996357
1.005650
1.006347
1.002117
1.000435
1.000030
0.998773
0.999714
1.001722
0.999251
1.000414
1.000811
1.001098
0.999868
1.000486
1.002716
0.999219
0.999974
1.000956
0.997808
1.002313
1.000071
0.999729
1.003187
0.996240
0.998017
0.998142
0.999503
0.999361
1.001312
1.000047
1.000849
1.000315
0.999507
0.999978
1.001048
1.001155
0.998989
1.003018
1.004132
1.001415
1.001545
1.005316
1.001047
1.004349
0.999783
0.999757
0.997049
1.001528
0.998724
1.001308
1.000666
0.998430
0.997763
0.998076
0.999350
0.998124
0.996403
1.001536
0.998231
0.996957
