1.001985
1.002174
0.999879
1.003150
1.000945
0.997395
1.000981
1.000365
0.998931
0.993940
0.997123
1.002743
1.000371
0.999064
1.000072
0.999846
1.001230
0.999439
1.002063
1.004306
1.001396
1.000801
0.998355
0.999990
1.000260
1.003027
1.003880
1.001345
1.001031
1.002247
0.998002
1.001195
1.002474
1.002081
1.000268
1.001204
0.999969
0.999592
0.998586
1.001827
1.004040
1.000748
0.995284
0.997370
1.000379
0.999143
0.998422
1.003522
0.998746
0.999741
0.998497
1.000947
1.003615
0.999528
1.000904
1.001432
1.000928
0.999226
0.999391
1.000097
0.999772
1.000640
1.002023
1.002258
1.006035
1.002070
1.003598
0.999234
0.993844
0.994183
0.993696
0.989838
0.990578
0.988506
0.984473
0.976480
0.982639
0.980794
0.981314
0.980518
0.979070
0.974462
0.975359
0.975559
0.972221
0.967597
0.972044
0.964968
0.970907
0.969976
0.969758
0.969158
0.965694
0.963154
0.964966
0.969678
0.965576
0.961324
0.964635
0.964901
0.960039
0.961387
0.962426
0.963831
0.963151
0.966005
0.961632
0.959920
0.968847
0.965260
0.968577
0.962051
0.965669
0.967227
0.964356
0.965869
0.966548
0.968039
0.968365
0.970112
0.968469
0.971353
0.973354
0.970253
0.973541
0.978048
0.981397
0.980112
0.977154
0.976397
0.980933
0.983757
0.985699
0.986337
0.987947
0.994880
0.992669
0.993873
0.998848
0.996494
1.007968
1.000782
1.001679
1.003643
0.999191
0.999064
0.998159
1.001897
0.997144
0.995567
0.995429
0.996825
0.995967
1.001685
0.998516
0.999598
0.998150
0.998886
0.998074
1.000303
1.001068
1.000111
1.003664
1.005258
1.003577
0.999216
1.001232
1.005108
1.003023
1.001494
1.004161
0.999526
1.002481
0.999521
1.001332
1.005158
1.000626
0.999786
0.999977
1.001719
1.000424
1.003589
0.999188
0.999215
0.998147
1.000316
1.001443
1.004196
0.999777
1.003161
0.998271
1.000551
1.001368
1.001909
1.002647
1.005342
0.998541
0.998294
1.001006
1.000592
