1.002179
1.001251
1.002597
0.999051
0.999235
0.999171
0.997882
0.999977
1.002710
0.999343
1.004006
1.001557
1.001851
1.001676
1.000885
1.003328
1.000679
1.002818
0.999138
0.997960
0.999180
1.002401
1.001128
0.998752
1.004253
1.002446
1.000704
0.996713
1.003441
1.000720
0.999044
1.002611
0.998728
0.998236
0.998191
0.999390
1.001284
0.999068
0.999642
0.998328
1.001870
1.000312
0.996227
1.003470
1.003997
1.001126
0.997039
0.996947
0.997707
0.996205
0.999041
1.001811
0.998042
1.004883
0.996553
1.001991
0.999542
1.002679
0.997663
1.006084
1.003884
1.000561
0.999336
0.998650
1.002439
1.001243
1.005589
0.997679
0.998197
0.992502
0.993365
0.988223
0.989132
0.986902
0.987062
0.982033
0.982491
0.977419
0.980950
0.976470
0.977229
0.975249
0.974468
0.972871
0.971071
0.969562
0.974027
0.971190
0.966484
0.970029
0.966882
0.970175
0.963858
0.967930
0.968958
0.963180
0.962482
0.965016
0.967211
0.960786
0.962096
0.967234
0.962033
0.964991
0.959193
0.963028
0.962291
0.959237
0.965471
0.968985
0.963421
0.962641
0.967029
0.966261
0.969091
0.970696
0.966131
0.973164
0.971042
0.970490
0.966653
0.972234
0.971025
0.971983
0.976129
0.978217
0.977523
0.974700
0.976925
0.982647
0.980856
0.982066
0.984325
0.987833
0.992984
0.992648
0.994875
0.992774
0.995800
0.999042
1.004493
1.003002
0.999647
0.996273
0.998138
0.997672
0.994324
0.999615
0.999647
0.998461
1.003563
1.000414
1.000984
1.004152
1.004163
1.000098
1.004454
1.001783
0.997333
1.001416
1.003822
1.001708
0.998898
0.997633
0.996654
1.002121
1.000370
0.997257
1.004114
1.001372
0.997674
0.998362
1.003455
0.999142
0.999317
0.999678
1.000874
0.999385
0.999432
1.002634
1.003724
1.000976
1.000921
0.998530
1.002757
1.000982
1.000482
0.999772
0.998627
1.003505
1.002587
0.999044
0.998838
1.001477
0.996298
0.997159
1.002054
1.003824
0.999256
1.002265
